0 0 1 0.002025
1 0 6 0.005952
2 1 2 0.014350
3 2 3 0.012279
4 3 4 0.011099
5 5 6 0.006157
6 5 7 0.001408
7 5 8 0.012008
8 7 265 0.003213
9 8 298 0.005382
10 9 10 0.012940
11 9 36 0.018695
12 9 37 0.002948
13 10 11 0.013238
14 11 12 0.028027
15 12 13 0.016322
16 13 14 0.032190
17 14 15 0.009105
18 15 16 0.012708
19 16 17 0.026648
20 17 18 0.009636
21 18 19 0.014209
22 19 20 0.008261
23 20 21 0.011507
24 21 22 0.008586
25 22 23 0.011969
26 23 24 0.011713
27 24 25 0.011671
28 25 26 0.007185
29 26 27 0.010523
30 27 28 0.004280
31 28 29 0.025794
32 29 30 0.012105
33 30 31 0.008134
34 32 33 0.004146
35 33 34 0.036841
36 34 35 0.010447
37 35 36 0.060716
38 37 38 0.013728
39 38 39 0.029701
40 39 81 0.014980
41 39 352 0.011856
42 40 41 0.017283
43 41 42 0.028705
44 42 43 0.021697
45 43 44 0.025206
46 44 45 0.002177
47 45 46 0.020985
48 46 47 0.019932
49 47 48 0.008022
50 48 49 0.019249
51 49 50 0.009867
52 50 51 0.027761
53 51 52 0.008678
54 52 53 0.024407
55 53 54 0.014323
56 54 55 0.001863
57 55 56 0.008959
58 56 57 0.012509
59 57 58 0.022527
60 58 126 0.019421
61 58 435 0.013456
62 59 60 0.016531
63 59 253 0.005818
64 59 816 0.016086
65 60 61 0.031563
66 61 62 0.027669
67 62 63 0.012532
68 63 64 0.012866
69 64 65 0.015377
70 65 66 0.022248
71 66 67 0.021392
72 67 68 0.002554
73 68 69 0.005599
74 69 70 0.016055
75 70 71 0.013567
76 71 72 0.066416
77 72 73 0.015755
78 73 74 0.031464
79 74 75 0.001165
80 75 76 0.022868
81 76 77 0.018631
82 77 78 0.013327
83 78 79 0.005933
84 79 80 0.004456
85 81 82 0.006983
86 82 98 0.025227
87 82 339 0.013596
88 83 84 0.004685
89 83 141 0.032288
90 83 203 0.007657
91 84 85 0.018784
92 85 86 0.023237
93 86 87 0.018688
94 87 88 0.017547
95 88 89 0.009922
96 89 90 0.008265
97 90 91 0.006190
98 91 92 0.024057
99 92 93 0.016769
100 93 94 0.012298
101 94 95 0.020742
102 95 96 0.006112
103 96 97 0.011688
104 97 98 0.012552
105 99 100 0.006583