0 -121.904167 41.974556
1 -121.902153 41.974766
2 -121.896790 41.988075
3 -121.889603 41.998032
4 -121.886681 42.008739
5 -121.915062 41.970314
6 -121.910088 41.973942
7 -121.916199 41.969482
8 -121.903198 41.968456
9 -122.553284 41.895241
10 -122.542992 41.903084
11 -122.546921 41.915726
12 -122.520287 41.907001
13 -122.503967 41.906689
14 -122.472076 41.911068
15 -122.463829 41.914925
16 -122.454803 41.923870
17 -122.440536 41.946377
18 -122.440498 41.956013
19 -122.444801 41.969555
20 -122.442436 41.977470
21 -122.433220 41.984360
22 -122.424660 41.985020
23 -122.412811 41.983322
24 -122.402168 41.988213
25 -122.390503 41.988567
26 -122.384010 41.991646
27 -122.376556 41.984219
28 -122.372299 41.984661
29 -122.352539 42.001240
30 -122.345123 42.010807
31 -122.340134 42.017231
32 -122.604172 42.012905
33 -122.606087 42.009228
34 -122.595833 41.973843
35 -122.592934 41.963806
36 -122.560463 41.912502
37 -122.552147 41.892521
38 -122.554909 41.879074
39 -122.568123 41.852474
40 -121.170708 42.001575
41 -121.155724 41.992962
42 -121.134956 41.973145
43 -121.117470 41.960300
44 -121.093819 41.951584
45 -121.092003 41.950382
46 -121.074501 41.938805
47 -121.061203 41.923958
48 -121.054169 41.920101
49 -121.035004 41.918304
50 -121.025291 41.920048
51 -120.997559 41.918797
52 -120.991028 41.913082
53 -120.976509 41.893463
54 -120.963600 41.887257
55 -120.961922 41.886448
56 -120.956833 41.879074
57 -120.954468 41.866791
58 -120.941002 41.848732
59 -124.013367 41.851032
60 -123.996857 41.851871
61 -123.965439 41.848850
62 -123.938553 41.842316
63 -123.926064 41.843346
64 -123.914360 41.848690
65 -123.903633 41.859707
66 -123.882622 41.867020
67 -123.861351 41.869293
68 -123.859070 41.870441
69 -123.854073 41.872967
70 -123.842049 41.883606
71 -123.828903 41.886963
72 -123.768227 41.913971
73 -123.765663 41.929516
74 -123.746162 41.954208
75 -123.745438 41.955120
76 -123.744003 41.977943
77 -123.727364 41.986324
78 -123.717239 41.994991
79 -123.714432 42.000217
80 -123.716400 42.004215
81 -122.581650 41.846039
82 -122.587051 41.841614
83 -122.809334 41.877716
84 -122.804764 41.878746
85 -122.786110 41.876537
86 -122.764664 41.867592
87 -122.746002 41.868587
88 -122.728844 41.872257
89 -122.718941 41.871635
90 -122.711617 41.875465
91 -122.705437 41.875103
92 -122.687073 41.859562
93 -122.671944 41.852329
94 -122.660439 41.847984
95 -122.641037 41.840649
96 -122.634933 41.840969
97 -122.624329 41.845882
98 -122.611794 41.846535
99 -120.758133 41.826836
100 -120.761414 41.832542
101 -120.749924 41.844856
102 -120.745438 41.856468
103 -120.746140 41.867668
104 -120.749947 41.879444
105 -120.749870 41.892735
106 -120.747299 41.905422
107 -120.757156 41.920654
108 -120.772293 41.936382
109 -120.774429 41.942982
110 -120.782631 41.968315
111 -120.799713 41.980766
112 -120.803490 41.996441
113 -120.806999 41.998379
114 -120.811546 41.997528
115 -120.818581 41.992008
116 -120.826927 41.992626
117 -120.831673 41.994747
118 -120.842659 41.993435
119 -120.879417 41.981800
120 -120.883034 41.980022
121 -120.892517 41.975365
122 -120.897812 41.976318
123 -120.914307 41.988773
124 -120.922256 41.997417
125 -120.922523 41.999634
126 -120.923027 41.841377
127 -120.911797 41.847977
128 -120.901993 41.848106
129 -120.889107 41.843536
130 -120.876534 41.843536
131 -120.865677 41.846451
132 -120.853409 41.846436
133 -120.840652 41.848499
134 -120.825600 41.848125
135 -120.803833 41.843636
136 -120.797142 41.839748
137 -120.783310 41.838078
138 -120.775192 41.837093
139 -120.771088 41.835178
140 -120.768753 41.827244
141 -122.823174 41.906887
142 -122.831688 41.918583
143 -122.833298 41.932034
144 -122.822281 41.948460
145 -122.828300 41.953411
146 -122.852386 41.957382
147 -122.867378 41.962761
148 -122.878662 41.971096
149 -122.878403 41.977764
150 -122.873550 41.984913
151 -122.874817 41.988514
152 -122.890266 41.985836
153 -122.902153 41.987709
154 -122.910606 41.982887
155 -122.918243 41.972836
156 -122.926308 41.954723
157 -122.932320 41.947052
158 -122.932083 41.941559
159 -122.926231 41.935226
160 -122.926529 41.931999
161 -122.920670 41.931862
162 -122.916817 41.933449
163 -122.910919 41.932854
164 -122.904121 41.926346
165 -122.904388 41.923668
166 -122.904739 41.920116
167 -122.909721 41.911354
168 -122.916946 41.906597
169 -122.922020 41.908157
170 -122.925880 41.912991
171 -122.931923 41.908760
172 -122.937721 41.911423
173 -122.943817 41.926456
174 -122.952744 41.932621
175 -122.967339 41.937092
176 -122.974312 41.936016
177 -122.984459 41.929718
178 -122.990883 41.935558
179 -122.996452 41.945114
180 -123.001518 41.943455
181 -123.007004 41.933506
182 -123.007507 41.932568
183 -123.030457 41.915916
184 -123.031761 41.910564
185 -123.030281 41.901928
186 -123.035263 41.899357
187 -123.045311 41.904530
188 -123.049553 41.900848
189 -123.028610 41.851543
190 -123.017464 41.844593
191 -123.010674 41.841942
192 -123.005638 41.839977
193 -122.991951 41.826645
194 -122.988251 41.825802
195 -122.961807 41.841034
196 -122.941643 41.848343
197 -122.908836 41.855423
198 -122.887810 41.857262
199 -122.865646 41.856865
200 -122.843086 41.852356
201 -122.835358 41.853676
202 -122.826477 41.868168
203 -122.816803 41.876030
204 -124.198723 42.005322
205 -124.193527 41.973801
206 -124.196564 41.963032
207 -124.195229 41.959675
208 -124.193336 41.958336
209 -124.180748 41.949379
210 -124.158928 41.942097
211 -124.142464 41.938362
212 -124.133904 41.933643
213 -124.129044 41.923855
214 -124.127319 41.906742
215 -124.130241 41.889782
216 -124.137650 41.874363
217 -124.138832 41.861244
218 -124.142540 41.820175
219 -124.150871 41.803150
220 -123.531036 42.011051
221 -123.530937 42.005020
222 -123.519829 41.999260
223 -123.519707 41.989628
224 -123.506180 41.978504
225 -123.495300 41.974796
226 -123.489502 41.967922
227 -123.486816 41.964745
228 -123.484940 41.944427
229 -123.487267 41.940384
230 -123.486343 41.937458
231 -123.475594 41.937645
232 -123.455261 41.923252
233 -123.443741 41.919117
234 -123.427353 41.898289
235 -123.400017 41.878563
236 -123.398773 41.875435
237 -123.396683 41.870270
238 -123.386581 41.864902
239 -123.378448 41.849087
240 -123.375847 41.836155
241 -123.376793 41.801445
242 -124.130623 41.812347
243 -124.120140 41.812119
244 -124.107498 41.819614
245 -124.085083 41.817184
246 -124.075661 41.812977
247 -124.068970 41.803082
248 -124.060440 41.801113
249 -124.056252 41.802074
250 -124.043533 41.816914
251 -124.033043 41.840046
252 -124.030327 41.846027
253 -124.019173 41.850655
254 -123.001801 41.820000
255 -123.014038 41.797977
256 -123.027328 41.789665
257 -123.033409 41.789093
258 -122.039787 41.788746
259 -122.035950 41.791595
260 -122.006668 41.830334
261 -121.996674 41.850285
262 -121.970810 41.890228
263 -121.963158 41.900379
264 -121.946999 41.921818
265 -121.918793 41.967587
266 -123.052223 41.786892
267 -123.084938 41.806847
268 -123.093430 41.814854
269 -123.111557 41.814976
270 -123.120483 41.818138
271 -123.162170 41.841236
272 -123.173973 41.846066
273 -123.176933 41.847275
274 -123.188042 41.853752
275 -123.206093 41.855927
276 -123.220230 41.867737
277 -123.239319 41.873978
278 -123.246193 41.877941
279 -123.260979 41.875248
280 -123.269852 41.880699
281 -123.290482 41.883858
282 -123.298637 41.882465
283 -123.307953 41.871593
284 -123.308678 41.866730
285 -123.308098 41.865299
286 -123.301613 41.849239
287 -123.300758 41.841030
288 -123.309372 41.823544
289 -123.313759 41.818466
290 -123.323196 41.817684
291 -123.331940 41.807301
292 -123.335983 41.807751
293 -123.341873 41.817043
294 -123.349083 41.821213
295 -123.357780 41.819321
296 -123.370872 41.803631
297 -122.043159 41.785984
298 -121.897881 41.967625
299 -121.868973 41.952660
300 -121.833153 41.939377
301 -121.806000 41.922943
302 -121.797577 41.921486
303 -121.775772 41.925438
304 -121.772537 41.923519
305 -121.776733 41.910576
306 -121.779694 41.901424
307 -121.777847 41.886150
308 -121.768806 41.872799
309 -121.754356 41.861061
310 -121.733963 41.816811
311 -121.732521 41.810226
312 -121.734383 41.802582
313 -121.740173 41.794785
314 -121.745461 41.787651
315 -121.750641 41.773941
316 -124.148651 41.871109
317 -124.158913 41.840797
318 -124.159027 41.823792
319 -124.161003 41.816998
320 -124.168648 41.808910
321 -124.194763 41.788109
322 -124.196182 41.771416
323 -124.155693 41.795528
324 -124.188248 41.768291
325 -121.763817 41.779503
326 -121.803207 41.777287
327 -121.849350 41.771542
328 -121.889122 41.770420
329 -121.911873 41.767319
330 -121.915749 41.767513
331 -121.921410 41.767799
332 -121.938026 41.775974
333 -121.956573 41.773972
334 -121.963501 41.776173
335 -121.976784 41.784725
336 -122.032410 41.786030
337 -124.190178 41.766754
338 -124.178383 41.759430
339 -122.583397 41.828518
340 -122.585564 41.818771
341 -122.593651 41.803444
342 -122.598457 41.799065
343 -122.590553 41.789845
344 -122.593941 41.783474
345 -122.619057 41.763359
346 -122.625313 41.746933
347 -122.620773 41.745617
348 -122.585289 41.766266
349 -122.580109 41.776627
350 -122.578087 41.804482
351 -122.570587 41.819550
352 -122.571358 41.841068
353 -122.622833 41.744583
354 -122.617889 41.740967
355 -120.286339 42.002735
356 -120.294907 41.980164
357 -120.312172 41.942757
358 -120.334343 41.894653
359 -120.337852 41.880802
360 -120.350693 41.852917
361 -120.343857 41.835041
362 -120.343658 41.826115
363 -120.345940 41.822639
364 -120.366508 41.791271
365 -120.364639 41.740494
366 -120.496277 42.003895
367 -120.496460 41.999290
368 -120.497673 41.967964
369 -120.504066 41.946224
370 -120.508560 41.944244
371 -120.510887 41.936836
372 -120.507683 41.929386
373 -120.509506 41.913521
374 -120.501083 41.885399
375 -120.495087 41.878559
376 -120.490547 41.873379
377 -120.478409 41.865070
378 -120.472794 41.832047
379 -120.472816 41.822197
380 -120.467377 41.802452
381 -120.459618 41.795605
382 -120.443840 41.762608
383 -120.441833 41.758396
384 -120.433372 41.755234
385 -120.425636 41.743347
386 -120.398247 41.740791
387 -122.631020 41.728477
388 -121.515419 41.726101
389 -121.521042 41.735718
390 -121.542641 41.753822
391 -121.547729 41.760250
392 -121.552223 41.779083
393 -121.559647 41.784035
394 -121.558701 41.791641
395 -121.553230 41.800350
396 -121.547462 41.825348
397 -121.549362 41.839657
398 -121.554657 41.879585
399 -121.559761 41.902058
400 -121.561363 41.931095
401 -121.558273 41.947041
402 -121.560204 41.964149
403 -121.560066 41.964714
404 -121.556717 41.978966
405 -121.550980 41.988377
406 -121.552673 42.006229
407 -122.612297 41.736877
408 -122.595703 41.736366
409 -122.567337 41.728207
410 -122.534363 41.726242
411 -122.526543 41.724583
412 -122.516121 41.731308
413 -122.457840 41.730339
414 -122.373962 41.728886
415 -122.360580 41.733456
416 -122.329536 41.749905
417 -122.300583 41.759171
418 -122.297333 41.760212
419 -122.284126 41.759945
420 -122.253052 41.755280
421 -122.212921 41.759300
422 -122.183937 41.757492
423 -122.172630 41.754372
424 -122.161743 41.748936
425 -122.152481 41.748234
426 -122.137337 41.751308
427 -122.121437 41.754536
428 -122.116928 41.759106
429 -122.112183 41.775379
430 -122.103790 41.770508
431 -122.098618 41.770981
432 -122.098152 41.779945
433 -122.092659 41.783875
434 -122.086319 41.785091
435 -120.953568 41.843918
436 -120.981354 41.841969
437 -120.993637 41.837612
438 -121.020210 41.822182
439 -121.062317 41.823566
440 -121.074020 41.833202
441 -121.091080 41.831406
442 -121.092987 41.830429
443 -121.103233 41.825211
444 -121.112183 41.812721
445 -121.126083 41.805313
446 -121.143417 41.798916
447 -121.152679 41.799702
448 -121.162170 41.803913
449 -121.180687 41.788067
450 -121.189262 41.783607
451 -121.212334 41.762997
452 -121.215424 41.759426
453 -121.219704 41.754459
454 -121.235863 41.744652
455 -121.254387 41.738190
456 -121.270393 41.721970
457 -121.274849 41.720188
458 -121.502983 42.005657
459 -121.463493 41.966152
460 -121.423302 41.930233
461 -121.396309 41.913357
462 -121.311279 41.860096
463 -121.301498 41.847889
464 -121.298126 41.835194
465 -121.298393 41.819431
466 -121.298653 41.804008
467 -121.294830 41.751003
468 -121.290779 41.741543
469 -122.633430 41.720177
470 -122.632973 41.711945
471 -124.142677 41.740116
472 -124.124542 41.721794
473 -124.119041 41.711590
474 -124.111076 41.703850
475 -124.100487 41.699951
476 -124.099953 41.695396
477 -124.106400 41.687618
478 -121.276741 41.716675
479 -121.274773 41.706215
480 -121.238953 41.660023
481 -124.108063 41.659950
482 -120.030167 42.002838
483 -120.030792 42.001999
484 -120.020866 41.988544
485 -120.018967 41.981270
486 -120.025528 41.965511
487 -120.037666 41.956692
488 -120.044777 41.953781
489 -120.047287 41.952751
490 -120.065224 41.937122
491 -120.070709 41.924595
492 -120.068558 41.912750
493 -120.063179 41.903748
494 -120.066544 41.897469
495 -120.101753 41.895985
496 -120.103851 41.889282
497 -120.119690 41.892712
498 -120.129173 41.891972
499 -120.131203 41.883366
500 -120.133423 41.873985
501 -120.142578 41.873028
502 -120.147591 41.857765
503 -120.155197 41.856625
504 -120.160507 41.852802
505 -120.168167 41.829674
506 -120.166199 41.815765
507 -120.167267 41.801533
508 -120.179047 41.772514
509 -120.180527 41.768848
510 -120.191597 41.730049
511 -120.208328 41.699776
512 -120.213463 41.664585
513 -120.210983 41.658478
514 -120.201599 41.655144
515 -120.198517 41.654049
516 -122.624184 41.696579
517 -122.616570 41.687344
518 -122.600853 41.676468
519 -122.580116 41.667686
520 -122.541359 41.659145
521 -122.537163 41.656841
522 -122.535881 41.653244
523 -121.248459 41.654797
524 -121.259933 41.652737
525 -121.267326 41.653358
526 -121.278633 41.657486
527 -121.294823 41.657066
528 -121.321098 41.673645
529 -121.348938 41.681908
530 -121.362373 41.681362
531 -121.375122 41.675800
532 -121.387497 41.677582
533 -121.390503 41.677544
534 -121.412262 41.677250
535 -121.419670 41.673962
536 -121.425537 41.674637
537 -121.432228 41.682381
538 -121.440689 41.697380
539 -121.470451 41.710575
540 -121.487602 41.714668
541 -121.500687 41.721680
542 -122.530190 41.654221
543 -122.525833 41.651558
544 -124.101967 41.627724
545 -122.661491 41.689342
546 -122.673889 41.684330
547 -122.684563 41.683765
548 -122.690247 41.675896
549 -122.693604 41.675716
550 -122.712189 41.687576
551 -122.724564 41.675907
552 -122.741089 41.653236
553 -122.742020 41.647594
554 -122.742844 41.642590
555 -122.765312 41.631065
556 -122.781433 41.629967
557 -122.807213 41.630642
558 -122.817223 41.632851
559 -122.825363 41.628281
560 -122.838417 41.613045
561 -122.853981 41.626724
562 -122.858932 41.633564
563 -122.882370 41.635265
564 -122.913483 41.649612
565 -122.923210 41.648849
566 -122.940224 41.641254
567 -122.947952 41.641975
568 -122.963181 41.647324
569 -122.982178 41.649422
570 -122.999107 41.651291
571 -123.013947 41.655735
572 -123.045914 41.650730
573 -123.074493 41.642464
574 -123.091743 41.640343
575 -123.100052 41.640789
576 -123.110870 41.644760
577 -123.112534 41.669937
578 -123.112556 41.670593
579 -123.108276 41.682766
580 -123.097511 41.691410
581 -123.070930 41.701401
582 -123.028816 41.709507
583 -123.017960 41.717457
584 -123.006752 41.731159
585 -123.003952 41.740036
586 -123.005142 41.749378
587 -123.005402 41.751427
588 -123.015862 41.767132
589 -123.031708 41.784370
590 -122.840210 41.610958
591 -122.839188 41.609867
592 -121.900482 41.594322
593 -121.890610 41.600735
594 -121.877327 41.602947
595 -121.875214 41.606941
596 -121.880829 41.623413
597 -121.880463 41.630077
598 -121.877510 41.635258
599 -121.857552 41.641895
600 -121.839561 41.650272
601 -121.832787 41.649891
602 -121.822510 41.643711
603 -121.789993 41.638092
604 -121.787758 41.637707
605 -121.772713 41.637005
606 -121.770348 41.645821
607 -121.747177 41.654644
608 -121.724243 41.654743
609 -121.707413 41.666485
610 -121.698418 41.668945
611 -121.692307 41.668983
612 -121.676430 41.661659
613 -121.671227 41.661655
614 -121.662773 41.674858
615 -121.657013 41.678505
616 -121.620438 41.685635
617 -121.608208 41.685932
618 -121.598549 41.679703
619 -121.559059 41.683689
620 -121.553307 41.680496
621 -121.546013 41.681263
622 -121.538986 41.685459
623 -121.536911 41.690357
624 -121.537933 41.699711
625 -121.529373 41.703968
626 -121.524162 41.712227
627 -121.751793 41.770870
628 -121.761047 41.763813
629 -121.771187 41.760380
630 -121.784439 41.745808
631 -121.809387 41.728188
632 -121.835373 41.719913
633 -121.862793 41.702854
634 -121.876923 41.695793
635 -121.877724 41.695717
636 -121.900017 41.693592
637 -121.906181 41.690331
638 -121.913551 41.683117
639 -121.918541 41.673031
640 -121.921333 41.658463
641 -121.916840 41.614891
642 -121.903679 41.596012
643 -123.376183 41.795742
644 -123.385422 41.793129
645 -123.395027 41.785213
646 -123.404678 41.757557
647 -123.411270 41.750282
648 -123.438187 41.737888
649 -123.446922 41.727726
650 -123.448883 41.720264
651 -123.447289 41.708195
652 -123.444504 41.699226
653 -123.443077 41.694675
654 -123.437698 41.684441
655 -123.440208 41.679241
656 -123.457329 41.670181
657 -123.462639 41.662518
658 -123.464577 41.634857
659 -123.468361 41.630039
660 -123.489143 41.626724
661 -123.494431 41.621811
662 -123.500053 41.611374
663 -123.513443 41.602333
664 -123.514610 41.601543
665 -123.523277 41.591145
666 -123.518356 41.570435
667 -119.994759 41.567501
668 -120.000000 41.565628
669 -120.369057 41.696152
670 -120.404297 41.622433
671 -120.404953 41.619404
672 -120.408386 41.603069
673 -120.424667 41.588573
674 -120.432999 41.563572
675 -124.090912 41.618362
676 -124.088257 41.611416
677 -124.088753 41.602428
678 -124.080360 41.591038
679 -124.060417 41.577652
680 -124.054207 41.566349
681 -124.047592 41.562187
682 -122.231903 41.545959
683 -122.227783 41.546043
684 -122.219177 41.556095
685 -122.198914 41.572670
686 -122.192253 41.580559
687 -122.189041 41.589424
688 -122.196609 41.613361
689 -122.192093 41.642467
690 -122.184082 41.649044
691 -122.177551 41.651424
692 -122.175537 41.651691
693 -122.147888 41.655373
694 -122.130661 41.654366
695 -122.082939 41.680027
696 -122.042091 41.696857
697 -122.038467 41.701153
698 -122.037880 41.708744
699 -122.058456 41.756607
700 -122.059334 41.766880
701 -122.521049 41.654690
702 -122.484390 41.655655
703 -122.470573 41.651772
704 -122.455078 41.649811
705 -122.440239 41.644833
706 -122.429337 41.642860
707 -122.421944 41.635441
708 -122.412354 41.630878
709 -122.384277 41.631836
710 -122.371277 41.630196
711 -122.369980 41.629177
712 -122.348244 41.612087
713 -122.334579 41.606346
714 -122.301308 41.600204
715 -122.284378 41.592098
716 -122.253502 41.571152
717 -122.238930 41.556320
718 -122.234383 41.551682
719 -122.234001 41.547344
720 -120.006493 41.563305
721 -120.024406 41.561420
722 -120.058411 41.551968
723 -120.097527 41.547161
724 -120.120407 41.541218
725 -120.130653 41.541096
726 -120.163162 41.540703
727 -120.165627 41.547886
728 -120.163841 41.588692
729 -120.168282 41.603214
730 -120.172653 41.610638
731 -120.174316 41.630508
732 -120.171753 41.645237
733 -120.173347 41.652287
734 -120.176537 41.654709
735 -120.188850 41.654339
736 -120.202713 41.545162
737 -120.219383 41.548546
738 -120.230904 41.552773
739 -120.253708 41.567871
740 -120.267120 41.572952
741 -120.306686 41.570805
742 -120.314987 41.571690
743 -120.318802 41.570705
744 -120.332153 41.567257
745 -120.353241 41.567734
746 -120.375526 41.573208
747 -120.400017 41.574257
748 -120.411873 41.573189
749 -120.428093 41.563274
750 -124.044434 41.553440
751 -124.022530 41.530991
752 -123.530487 41.558575
753 -123.538971 41.535107
754 -123.540901 41.533154
755 -123.551079 41.531155
756 -123.556824 41.527592
757 -123.572884 41.529133
758 -123.579376 41.532639
759 -123.586563 41.548035
760 -123.593948 41.554008
761 -123.611008 41.558929
762 -123.999687 41.534546
763 -123.986313 41.529907
764 -123.969841 41.533043
765 -123.964851 41.540253
766 -123.957603 41.538425
767 -123.952843 41.528862
768 -123.944763 41.527779
769 -123.935371 41.531368
770 -123.922363 41.529911
771 -123.915916 41.535149
772 -123.905930 41.557602
773 -123.902023 41.555557
774 -123.901466 41.553532
775 -123.897827 41.540215
776 -123.889290 41.529739
777 -123.879860 41.524834
778 -123.869148 41.524830
779 -123.860168 41.529308
780 -123.845520 41.548607
781 -123.834671 41.555500
782 -123.832947 41.570072
783 -123.836380 41.576054
784 -123.857338 41.590214
785 -123.865891 41.595985
786 -123.867104 41.601189
787 -123.857986 41.631618
788 -123.881058 41.659306
789 -123.888046 41.674934
790 -123.906563 41.686607
791 -123.906799 41.691414
792 -123.899696 41.693707
793 -123.897171 41.695839
794 -123.894096 41.698425
795 -123.888031 41.717873
796 -123.887192 41.734692
797 -123.873497 41.743832
798 -123.872391 41.750332
799 -123.878059 41.759613
800 -123.878632 41.767384
801 -123.875717 41.779510
802 -123.867561 41.794266
803 -123.859703 41.800739
804 -123.859177 41.811008
805 -123.858940 41.815712
806 -123.856956 41.819969
807 -123.858513 41.828140
808 -123.864571 41.832806
809 -123.885780 41.838116
810 -123.896980 41.839237
811 -123.934563 41.831776
812 -123.957611 41.836956
813 -123.979683 41.833694
814 -123.996788 41.834946
815 -123.997978 41.835033
816 -124.004150 41.837849
817 -122.533463 41.646484
818 -122.523933 41.632755
819 -122.524773 41.568504
820 -122.519188 41.529644
821 -122.518044 41.521614
822 -120.434303 41.559639
823 -120.453072 41.535900
824 -120.479187 41.523365
825 -120.528503 41.505951
826 -120.612389 41.505306
827 -120.623329 41.515091
828 -120.636101 41.534348
829 -120.646790 41.544518
830 -120.662727 41.555645
831 -120.683167 41.575092
832 -120.687103 41.589153
833 -120.696663 41.611073
834 -120.697433 41.612843
835 -120.693283 41.624897
836 -120.702599 41.686180
837 -120.706833 41.690384
838 -120.721321 41.696980
839 -120.739113 41.716969
840 -120.741943 41.724506
841 -120.747192 41.738445
842 -120.747658 41.765224
843 -120.755653 41.780293
844 -120.750252 41.796745
845 -120.604393 41.509785
846 -120.590698 41.510250
847 -120.563202 41.504539
848 -120.540581 41.503696
849 -120.537560 41.501057
850 -120.533363 41.497375
851 -120.531723 41.503532
852 -120.531250 41.495533
853 -120.537086 41.492104
854 -120.521622 41.488621
855 -124.020790 41.529037
856 -124.024117 41.520782
857 -124.043839 41.500893
858 -124.047333 41.491478
859 -124.039833 41.479568
860 -124.040367 41.471035
861 -122.856247 41.590130
862 -122.898323 41.554104
863 -122.902901 41.525867
864 -122.901718 41.499916
865 -122.901573 41.496578
866 -122.892433 41.481255
867 -122.892662 41.470692
868 -122.520126 41.648087
869 -122.503090 41.622360
870 -122.469017 41.543846
871 -122.467819 41.534893
872 -122.465309 41.516293
873 -122.451843 41.485565
874 -122.442413 41.469078
875 -122.517380 41.517750
876 -122.504807 41.500511
877 -122.497292 41.495163
878 -122.461693 41.476353
879 -122.451767 41.467915
880 -122.378830 41.450974
881 -122.362930 41.454067
882 -122.354668 41.460670
883 -122.343697 41.485065
884 -122.305290 41.523888
885 -122.296913 41.529346
886 -122.272888 41.534203
887 -122.270111 41.536755
888 -122.261292 41.544861
889 -122.235817 41.543587
890 -120.870506 41.448280
891 -120.848969 41.460415
892 -120.834297 41.464611
893 -120.802238 41.463936
894 -120.741631 41.479603
895 -120.719551 41.492290
896 -120.718773 41.492516
897 -120.704269 41.496719
898 -120.693993 41.503262
899 -120.679703 41.503986
900 -120.654427 41.499825
901 -120.621803 41.500031
902 -121.188187 41.593723
903 -121.171249 41.574230
904 -121.150497 41.553326
905 -121.137756 41.540485
906 -121.003273 41.515400
907 -120.996277 41.513126
908 -120.973007 41.505543
909 -120.961937 41.495190
910 -120.909286 41.468971
911 -120.889397 41.463291
912 -120.874733 41.453293
913 -122.384209 41.432590
914 -122.427071 41.447849
915 -122.418983 41.442757
916 -122.398163 41.438538
917 -122.830467 41.595661
918 -122.826767 41.576366
919 -122.820297 41.563183
920 -122.823883 41.546474
921 -122.832916 41.538643
922 -122.835487 41.530476
923 -122.834450 41.516541
924 -122.830513 41.510563
925 -122.818008 41.501377
926 -122.818466 41.494194
927 -122.822983 41.483219
928 -122.838699 41.468830
929 -122.841087 41.462048
930 -122.830544 41.441292
931 -122.829117 41.426460
932 -122.818001 41.404194
933 -122.829964 41.403481
934 -122.875320 41.465450
935 -122.871788 41.466793
936 -122.863533 41.460361
937 -122.861603 41.440514
938 -122.850883 41.417934
939 -122.841293 41.413414
940 -120.518929 41.472816
941 -120.512466 41.456314
942 -120.513741 41.436581
943 -120.531189 41.401882
944 -120.534058 41.390240
945 -120.542213 41.484863
946 -120.543549 41.466499
947 -120.541779 41.405876
948 -120.540047 41.397232
949 -123.517532 41.546280
950 -123.520493 41.525444
951 -123.515633 41.508755
952 -123.507874 41.493389
953 -123.489517 41.487614
954 -123.485924 41.482555
955 -123.485237 41.473415
956 -123.492523 41.458515
957 -123.493446 41.457233
958 -123.499168 41.449394
959 -123.490379 41.441433
960 -123.485733 41.409355
961 -123.470711 41.390205
962 -122.806839 41.372402
963 -122.805237 41.355747
964 -122.793747 41.337803
965 -122.822968 41.381615
966 -122.821281 41.364048
967 -122.810226 41.341026
968 -122.804680 41.337200
969 -124.032059 41.462627
970 -124.031219 41.447525
971 -124.017380 41.407101
972 -124.007477 41.392822
973 -124.005272 41.378960
974 -124.017448 41.362782
975 -124.020477 41.353249
976 -124.022598 41.346600
977 -124.019836 41.335987
978 -124.021507 41.334503
979 -120.000000 41.332169
980 -119.999046 41.332306
981 -119.992622 41.332119
982 -122.756554 41.330860
983 -122.747711 41.334087
984 -122.744331 41.340233
985 -122.740669 41.356251
986 -122.737251 41.358730
987 -122.716042 41.360096
988 -122.710991 41.364723
989 -122.702248 41.385139
990 -122.676826 41.400253
991 -122.661011 41.413704
992 -122.654297 41.417213
993 -122.647339 41.420849
994 -122.635223 41.421719
995 -122.632050 41.423717
996 -122.630211 41.433445
997 -122.634956 41.451771
998 -122.632683 41.459919
999 -122.623070 41.468220
1000 -122.612427 41.471989